100
4 2
5 2
6 2
1000 1000
1000 1
834 795
1000 128
999 128
1000 499
716 647
616 538
278 252
657 655
254 238
3 1
999 497
500 245
731 576
1000 500
399 395
500 102
664 648
827 674
500 2
698 655
551 506
1000 256
433 381
1000 127
720 645
352 309
1000 512
1000 2
999 127
720 666
902 831
500 248
500 244
1000 511
1000 498
999 255
500 172
999 511
5 1
558 456
999 999
600 576
4 1
458 356
1000 255
703 551
999 488
1000 290
1000 489
999 499
2 2
789 751
801 674
937 794
999 998
500 251
445 358
999 498
426 379
999 409
999 2
1000 999
500 116
761 714
500 127
999 492
500 250
1 1
824 633
500 117
500 500
683 606
542 458
530 401
844 667
1000 502
440 428
500 255
999 1
999 512
500 256
500 249
600 559
3 2
425 353
787 700
500 128
2 1
1000 488
500 1
999 256
999 487
625 564
500 499
543 446
